  119.5
  178.7
  165.5
  156.8
  151.8
  167.8
  147.8
  149.5
   76.7
   73.0
  121.3
   76.2
  100.3
   66.5
  128.5
   56.3
  112.8
  114.2
  115.5
  129.7
  128.7
   94.2
   53.2
   57.0
   54.8
   54.5
   59.7
   90.3
   44.2
  113.5
   77.2
  101.5
  102.3
   99.5
   99.5
   67.0
   57.3
   73.8
   50.0
   50.0
   50.0
   47.0
   46.7
   43.3
   42.8
   40.0
   43.3
   41.7
   36.7
   33.7
   33.3
   45.0
   49.5
   63.5
   21.3
   41.7
   85.5
   66.2
   54.2
  107.8
   55.8
   62.7
   86.7
   81.7
  120.5
   77.3
   75.0
   73.3
   64.5
  104.2
   62.8
   71.7
   71.7
   80.5
   73.3
   78.0
   78.3
   81.7
   83.3
   85.0
  118.8
  128.7
   99.5
   77.2
   95.0
  112.2
   99.2
  124.5
   97.2
  120.0
   80.5
  110.0
  126.0
  102.2
   84.3
   99.5
  101.7
  116.7
  151.7
  134.5
  119.5
  178.7
  165.5
  156.8
  151.8
  167.8
  147.8
  149.5
   76.7
   73.0
  121.3
   76.2
  100.3
   66.5
  128.5
   56.3
  112.8
  114.2
  115.5
  129.7
  128.7
   94.2
   53.2
   57.0
   54.8
   54.5
   59.7
   90.3
   44.2
  113.5
   77.2
  101.5
  102.3
   99.5
   99.5
   67.0
   57.3
   73.8
   50.0
   50.0
   50.0
   47.0
   46.7
   43.3
   42.8
   40.0
   43.3
   41.7
   36.7
   33.7
   33.3
   45.0
   49.5
   78.0
  109.0
   92.8
   73.0
   85.5
   47.5
   29.2
   11.0
   13.2
   23.3
   29.5
   20.3
    7.3
    0.0
   19.3
   18.7
    6.5
   20.5
    1.7
   13.2
    5.3
    9.3
   25.2
   13.2
   36.2
   19.3
   10.5
   36.3
   18.7
   31.7
    1.7
   40.3
   26.7
   50.0
   58.3
   66.7
   75.0
   60.8
   65.0
  159.2
  133.8
  134.5
  158.3
  186.7
  193.7
  177.5
  243.3
  262.2
  295.5
  182.2
  223.3
  241.7
  398.2
  286.0
  255.0
  233.3
  286.2
  260.5
  250.5
  175.0
  191.2
  276.2
  196.7
  241.7
  233.3
  189.5
  238.3
  186.7
  185.0
  206.7
  190.0
  183.3
  116.7
  163.3
  163.3
  158.3
  178.7
  146.7
  143.3
  143.3
  156.2
  128.3
  100.0
   97.8
  164.5
  124.5
   88.3
  113.8
  174.5
  162.8
  122.5
  110.0
   85.0
   45.5
  111.7
   58.7
   90.0
   62.5
   61.7
   68.3
   63.5
   21.3
   41.7
   85.5
   66.2
   54.2
  107.8
   55.8
   62.7
   86.7
   81.7
  120.5
   77.3
   75.0
   73.3
   64.5
  104.2
   62.8
   71.7
   71.7
   80.5
   73.3
   78.0
   78.3
   81.7
   83.3
   85.0
  118.8
  128.7
   99.5
   77.2
   95.0
  112.2
   99.2
  124.5
   97.2
  120.0
   80.5
  110.0
  126.0
  102.2
   84.3
   99.5
  101.7
  116.7
  151.7
  134.5
  119.5
  178.7
  165.5
  156.8
  151.8
  167.8
  147.8
  149.5
   76.7
   73.0
  121.3
   76.2
  100.3
   66.5
  128.5
   56.3
  112.8
  114.2
  115.5
  129.7
  128.7
   94.2
   53.2
   57.0
   54.8
   54.5
   59.7
   90.3
   44.2
  113.5
   77.2
  101.5
  102.3
   99.5
   99.5
   67.0
   57.3
   73.8
   50.0
   50.0
   50.0
   47.0
   46.7
   43.3
   42.8
   40.0
   43.3
   41.7
   36.7
   33.7
   33.3
   45.0
   49.5
   63.5
   21.3
   41.7
   85.5
   66.2
   54.2
  107.8
   55.8
   62.7
   86.7
   81.7
  120.5
   77.3
   75.0
   73.3
   64.5
  104.2
   62.8
   71.7
   71.7
   80.5
   73.3
   78.0
   78.3
   81.7
   83.3
   85.0
  118.8
  128.7
   99.5
   77.2
   95.0
  112.2
   99.2
  124.5
   97.2
  120.0
   80.5
  110.0
  126.0
  102.2
   84.3
   99.5
  101.7
  116.7
  151.7
  134.5
  119.5
  178.7
  165.5
  156.8
  151.8
  167.8
  147.8
  149.5
   76.7
   73.0
  121.3
   76.2
  100.3
   66.5
  128.5
   56.3
  112.8
  114.2
  115.5
  129.7
  128.7
   94.2
   53.2
   57.0
   54.8
   54.5
   59.7
   90.3
   44.2
  113.5
   77.2
  101.5
  102.3
   99.5
   99.5
   67.0
   57.3
   73.8
   50.0
   50.0
   50.0
   47.0
   46.7
   43.3
   42.8
   40.0
   43.3
   41.7
   36.7
   33.7
   33.3
   45.0
   49.5
   63.5
   21.3
   41.7
   85.5
   66.2
   54.2
  107.8
   55.8
   62.7
   86.7
   81.7
  120.5
   77.3
   75.0
   73.3
   64.5
  104.2
   62.8
   71.7
   71.7
   80.5
   73.3
   78.0
   78.3
   81.7
   83.3
   85.0
  118.8
  128.7
   99.5
   77.2
   95.0
  112.2
   99.2
  124.5
   97.2
  120.0
   80.5
  110.0
  126.0
  102.2
   84.3
   99.5
  101.7
  116.7
  151.7
  134.5
  119.5
  178.7
  165.5
  156.8
  151.8
  167.8
  147.8
  149.5
   76.7
   73.0
  121.3
   76.2
  100.3
   66.5
  128.5
   56.3
  112.8
  114.2
  115.5
  129.7
  128.7
   94.2
   53.2
   57.0
   54.8
   54.5
   59.7
   90.3
   44.2
  113.5
   77.2
  101.5
  102.3
   99.5
   99.5
   67.0
   57.3
   73.8
   50.0
   50.0
   50.0
   47.0
   46.7
   43.3
   42.8
   40.0
   43.3
   41.7
   36.7
   33.7
   33.3
   45.0
   49.5
   63.5
   21.3
   41.7
   85.5
   66.2
   54.2
  107.8
   55.8
   62.7
   86.7
   81.7
  120.5
   77.3
   75.0
   73.3
   64.5
  104.2
   62.8
   71.7
   71.7
   80.5
   73.3
   78.0
   78.3
   81.7
   83.3
   85.0
  118.8
  128.7
   99.5
   77.2
   95.0
  112.2
   99.2
  124.5
   97.2
  120.0
   80.5
  110.0
  126.0
  102.2
   84.3
   99.5
  101.7
  116.7
  151.7
  134.5
  119.5
  178.7
  165.5
  156.8
  151.8
  167.8
  147.8
  149.5
   76.7
   73.0
  121.3
   76.2
  100.3
   66.5
  128.5
   56.3
  112.8
  114.2
  115.5
  129.7
  128.7
   94.2
   53.2
   57.0
   54.8
   54.5
   59.7
   90.3
   44.2
  113.5
   77.2
  101.5
  102.3
   99.5
   99.5
   67.0
   57.3
   73.8
   50.0
   50.0
   50.0
   47.0
   46.7
   43.3
   42.8
   40.0
   43.3
   41.7
   36.7
   33.7
   33.3
   45.0
   49.5
   63.5
   21.3
   41.7
   85.5
   66.2
   54.2
  107.8
   55.8
   62.7
   86.7
   81.7
  120.5
   77.3
   75.0
   73.3
   64.5
  104.2
   62.8
   71.7
   71.7
   80.5
   73.3
   78.0
   78.3
   81.7
   83.3
   85.0
  118.8
  128.7
   99.5
   77.2
   95.0
  112.2
   99.2
  124.5
   97.2
  120.0
   80.5
  110.0
  126.0
  102.2
   84.3
   99.5
  101.7
  116.7
  151.7
  134.5
  119.5
  178.7
  165.5
  156.8
  151.8
  167.8
  147.8
  149.5
   76.7
   73.0
  121.3
   76.2
  100.3
   66.5
  128.5
   56.3
  112.8
  114.2
  115.5
  129.7
  128.7
   94.2
   53.2
   57.0
   54.8
   54.5
   59.7
   90.3
   44.2
  113.5
   77.2
  101.5
  102.3
   99.5
   99.5
   67.0
   57.3
   73.8
   50.0
   50.0
   50.0
   47.0
   46.7
   43.3
   42.8
   40.0
   43.3
   41.7
   36.7
   33.7
   33.3
   45.0
   49.5
   63.5
   21.3
   41.7
   85.5
   66.2
   54.2
  107.8
   55.8
   62.7
   86.7
   81.7
  120.5
   77.3
   75.0
   73.3
   64.5
  104.2
   62.8
   71.7
   71.7
   80.5
   73.3
   78.0
   78.3
   81.7
   83.3
   85.0
  118.8
  128.7
   99.5
   77.2
   95.0
  112.2
   99.2
  124.5
   97.2
  120.0
   80.5
  110.0
  126.0
  102.2
   84.3
   99.5
  101.7
  116.7
  151.7
  134.5
  119.5
  178.7
  165.5
  156.8
  151.8
  167.8
  147.8
  149.5
   76.7
   73.0
  121.3
   76.2
  100.3
   66.5
  128.5
   56.3
  112.8
  114.2
  115.5
  129.7
  128.7
   94.2
   53.2
   57.0
   54.8
   54.5
   59.7
   90.3
   44.2
  113.5
   77.2
  101.5
  102.3
   99.5
   99.5
   67.0
   57.3
   73.8
   50.0
   50.0
   50.0
   47.0
   46.7
   43.3
   42.8
   40.0
   43.3
   41.7
   36.7
   33.7
   33.3
   45.0
   49.5
   63.5
   21.3
   41.7
   85.5
   66.2
   54.2
  107.8
   55.8
   62.7
   86.7
   81.7
  120.5
   77.3
   75.0
   73.3
   64.5
  104.2
   62.8
   71.7
   71.7
   80.5
   73.3
   78.0
   78.3
   81.7
   83.3
   85.0
  118.8
  128.7
   99.5
   77.2
   95.0
  112.2
   99.2
  124.5
   97.2
  120.0
   80.5
  110.0
  126.0
  102.2
   84.3
   99.5
  101.7
  116.7
  151.7
  134.5
  119.5
  178.7
  165.5
  156.8
  151.8
  167.8
  147.8
  149.5
   76.7
   73.0
  121.3
   76.2
  100.3
   66.5
  128.5
   56.3
  112.8
  114.2
  115.5
  129.7
  128.7
   94.2
   53.2
   57.0
   54.8
   54.5
   59.7
   90.3
   44.2
  113.5
   77.2
  101.5
  102.3
   99.5
   99.5
   67.0
   57.3
   73.8
   50.0
   50.0
   50.0
   47.0
   46.7
   43.3
   42.8
   40.0
   43.3
   41.7
   36.7
   33.7
   33.3
   45.0
   49.5
   63.5
   21.3
   41.7
   85.5
   66.2
   54.2
  107.8
   55.8
   62.7
   86.7
   81.7
  120.5
   77.3
   75.0
   73.3
   64.5
  104.2
   62.8
   71.7
   71.7
   80.5
   73.3
   78.0
   78.3
   81.7
   83.3
   85.0
  118.8
  128.7
   99.5
   77.2
   95.0
  112.2
   99.2
  124.5
   97.2
  120.0
   80.5
  110.0
  126.0
  102.2
   84.3
   99.5
  101.7
  116.7
  151.7
  134.5
  119.5
  178.7
  165.5
  156.8
  151.8
  167.8
  147.8
  149.5
   76.7
   73.0
  121.3
   76.2
  100.3
   66.5
  128.5
   56.3
  112.8
  114.2
  115.5
  129.7
  128.7
   94.2
   53.2
   57.0
   54.8
   54.5
   59.7
   90.3
   44.2
  113.5
   77.2
  101.5
  102.3
   99.5
   99.5
   67.0
   57.3
   73.8
   50.0
   50.0
   50.0
   47.0
   46.7
   43.3
   42.8
   40.0
   43.3
   41.7
   36.7
   33.7
   33.3
   45.0
   49.5
   63.5
   21.3
   41.7
   85.5
   66.2
   54.2
  107.8
   55.8
   62.7
   86.7
   81.7
  120.5
   77.3
   75.0
   73.3
   64.5
  104.2
   62.8
   71.7
   71.7
   80.5
   73.3
   78.0
   78.3
   81.7
   83.3
   85.0
  118.8
  128.7
   99.5
   77.2
   95.0
  112.2
   99.2
  124.5
   97.2
  120.0
   80.5
  110.0
  126.0
  102.2
   84.3
   99.5
  101.7
  116.7
  151.7
  134.5
  119.5
  178.7
  165.5
  156.8
  151.8
  167.8
  147.8
  149.5
   76.7
   73.0
  121.3
   76.2
  100.3
   66.5
  128.5
   56.3
  112.8
  114.2
  115.5
  129.7
  128.7
   94.2
   53.2
   57.0
   54.8
   54.5
   59.7
   90.3
   44.2
  113.5
   77.2
  101.5
  102.3
   99.5
   99.5
   67.0
   57.3
   73.8
   50.0
   50.0
   50.0
   47.0
   46.7
   43.3
   42.8
   40.0
   43.3
   41.7
   36.7
   33.7
   33.3
   45.0
   49.5
   63.5
   21.3
   41.7
   85.5
   66.2
   54.2
  107.8
   55.8
   62.7
   86.7
   81.7
  120.5
   77.3
   75.0
   73.3
   64.5
  104.2
   62.8
   71.7
   71.7
   80.5
   73.3
   78.0
   78.3
   81.7
   83.3
   85.0
  118.8
  128.7
   99.5
   77.2
   95.0
  112.2
   99.2
  124.5
   97.2
  120.0
   80.5
  110.0
  126.0
  102.2
   84.3
   99.5
  101.7
  116.7
  151.7
  134.5
  119.5
  178.7
  165.5
  156.8
  151.8
  167.8
  147.8
  149.5
   76.7
   73.0
  121.3
   76.2
  100.3
   66.5
  128.5
   56.3
  112.8
  114.2
  115.5
  129.7
  128.7
   94.2
   53.2
   57.0
   54.8
   54.5
   59.7
   90.3
   44.2
  113.5
   77.2
  101.5
  102.3
   99.5
   99.5
   67.0
   57.3
   73.8
   50.0
   50.0
   50.0
   47.0
   46.7
   43.3
   42.8
   40.0
   43.3
   41.7
   36.7
   33.7
   33.3
   45.0
   49.5
   63.5
   21.3
   41.7
   85.5
   66.2
   54.2
  107.8
   55.8
   62.7
   86.7
   81.7
  120.5
   77.3
   75.0
   73.3
   64.5
  104.2
   62.8
   71.7
   71.7
   80.5
   73.3
   78.0
   78.3
   81.7
   83.3
   85.0
  118.8
  128.7
   99.5
   77.2
   95.0
  112.2
   99.2
  124.5
   97.2
  120.0
   80.5
  110.0
  126.0
  102.2
   84.3
   99.5
  101.7
  116.7
  151.7
  134.5
  119.5
  178.7
  165.5
  156.8
  151.8
  167.8
  147.8
  149.5
   76.7
   73.0
  121.3
   76.2
  100.3
   66.5
  128.5
   56.3
  112.8
  114.2
  115.5
  129.7
  128.7
   94.2
   53.2
   57.0
   54.8
   54.5
   59.7
   90.3
   44.2
  113.5
   77.2
  101.5
  102.3
   99.5
   99.5
   67.0
   57.3
   73.8
   50.0
   50.0
   50.0
   47.0
   46.7
   43.3
   42.8
   40.0
   43.3
   41.7
   36.7
   33.7
   33.3
   45.0
   49.5
   63.5
   21.3
   41.7
   85.5
   66.2
   54.2
  107.8
   55.8
   62.7
   86.7
   81.7
  120.5
   77.3
   75.0
   73.3
   64.5
  104.2
   62.8
   71.7
   71.7
   80.5
   73.3
   78.0
   78.3
   81.7
   83.3
   85.0
  118.8
  128.7
   99.5
   77.2
   95.0
  112.2
   99.2
  124.5
   97.2
  120.0
   80.5
  110.0
  126.0
  102.2
   84.3
   99.5
  101.7
  116.7
  151.7
  134.5
  119.5
  178.7
  165.5
  156.8
  151.8
  167.8
  147.8
  149.5
   76.7
   73.0
  121.3
   76.2
  100.3
   66.5
  128.5
   56.3
  112.8
  114.2
  115.5
  129.7
  128.7
   94.2
   53.2
   57.0
   54.8
   54.5
   59.7
   90.3
   44.2
  113.5
   77.2
  101.5
  102.3
   99.5
   99.5
   67.0
   57.3
   73.8
   50.0
   50.0
   50.0
   47.0
   46.7
   43.3
   42.8
   40.0
   43.3
   41.7
   36.7
   33.7
   33.3
   45.0
   49.5
   63.5
   21.3
   41.7
   85.5
   66.2
   54.2
  107.8
   55.8
   62.7
   86.7
   81.7
  120.5
   77.3
   75.0
   73.3
   64.5
  104.2
   62.8
   71.7
   71.7
   80.5
   73.3
   78.0
   78.3
   81.7
   83.3
   85.0
  118.8
  128.7
   99.5
   77.2
   95.0
  112.2
   99.2
  124.5
   97.2
  120.0
   80.5
  110.0
  126.0
  102.2
   84.3
   99.5
  101.7
  116.7
  151.7
  134.5
  119.5
  178.7
  165.5
  156.8
  151.8
  167.8
  147.8
  149.5
   76.7
   73.0
  121.3
   76.2
  100.3
   66.5
  128.5
   56.3
  112.8
  114.2
  115.5
  129.7
  128.7
   94.2
   53.2
   57.0
   54.8
   54.5
   59.7
   90.3
   44.2
  113.5
   77.2
  101.5
  102.3
   99.5
   99.5
   67.0
   57.3
   73.8
   50.0
   50.0
   50.0
   47.0
   46.7
   43.3
   42.8
   40.0
   43.3
   41.7
   36.7
   33.7
   33.3
   45.0
   49.5
   63.5
   21.3
   41.7
   85.5
   66.2
   54.2
  107.8
   55.8
   62.7
   86.7
   81.7
  120.5
   77.3
   75.0
   73.3
   64.5
  104.2
   62.8
   71.7
   71.7
   80.5
   73.3
   78.0
   78.3
   81.7
   83.3
   85.0
  118.8
  128.7
   99.5
   77.2
   95.0
  112.2
   99.2
  124.5
   97.2
  120.0
   80.5
  110.0
  126.0
  102.2
   84.3
   99.5
  101.7
  116.7
  151.7
  134.5
  119.5
  178.7
  165.5
  156.8
  151.8
  167.8
  147.8
  149.5
   76.7
   73.0
  121.3
   76.2
  100.3
   66.5
  128.5
   56.3
  112.8
  114.2
  115.5
  129.7
  128.7
   94.2
   53.2
   57.0
   54.8
   54.5
   59.7
   90.3
   44.2
  113.5
   77.2
  101.5
  102.3
   99.5
   99.5
   67.0
   57.3
   73.8
   50.0
   50.0
   50.0
   47.0
   46.7
   43.3
   42.8
   40.0
   43.3
   41.7
   36.7
   33.7
   33.3
   45.0
   49.5
   32.4
   15.3
   30.3
   23.6
   12.9
   34.1
   22.5
    4.9
   14.0
   21.7
   13.0
   17.6
   15.7
   22.8
   14.4
   26.8
   25.3
   20.1
   13.9
    7.1
   13.9
   21.6
    7.5
    0.5
    0.4
    4.0
    7.4
    0.0
   17.0
    9.7
    1.2
    1.7
    0.9
    6.3
    6.4
    0.0
    9.3
    0.0
   20.7
    0.0
    4.7
    2.4
    1.5
    3.8
   12.6
   27.2
   17.2
    1.8
   13.9
   28.4
   22.5
   43.5
   24.3
   27.2
   46.4
   48.0
   18.5
   64.8
   74.2
   76.2
   52.6
   40.8
   61.9
   71.6
   65.7
   69.8
   84.3
   97.1
   50.2
   90.4
   63.4
   91.1
   91.2
  143.0
   94.3
   65.5
   79.9
   81.6
  121.6
   98.1
   91.8
  131.2
  178.7
   92.5
   75.8
   52.3
  107.4
   92.2
   96.2
  105.3
  172.7
   79.6
   93.5
   29.7
   64.8
  108.0
  127.4
  180.3
  101.1
   87.6
   63.5
   21.3
   41.7
   85.5
   66.2
   54.2
  107.8
   55.8
   62.7
   86.7
   81.7
  120.5
   77.3
   75.0
   73.3
   64.5
  104.2
   62.8
   71.7
   71.7
   80.5
   73.3
   78.0
   78.3
   81.7
   83.3
   85.0
  118.8
  128.7
   99.5
   77.2
   95.0
  112.2
   99.2
  124.5
   97.2
  120.0
   80.5
  110.0
  126.0
  102.2
   84.3
   99.5
  101.7
  116.7
  151.7
  134.5
  119.5
  178.7
  165.5
  156.8
  151.8
  167.8
  147.8
  149.5
   76.7
   73.0
  121.3
   76.2
  100.3
   66.5
  128.5
   56.3
  112.8
  114.2
  115.5
  129.7
  128.7
   94.2
   53.2
   57.0
   54.8
   54.5
   59.7
   90.3
   44.2
  113.5
   77.2
  101.5
  102.3
   99.5
   99.5
   67.0
   57.3
   73.8
   50.0
   50.0
   50.0
   47.0
   46.7
   43.3
   42.8
   40.0
   43.3
   41.7
   36.7
   33.7
   33.3
   45.0
   49.5
   63.5
   21.3
   41.7
   85.5
   66.2
   54.2
  107.8
   55.8
   62.7
   86.7
   81.7
  120.5
   77.3
   75.0
   73.3
   64.5
  104.2
   62.8
   71.7
   71.7
   80.5
   73.3
   78.0
   78.3
   81.7
   83.3
   85.0
  118.8
  128.7
   99.5
   77.2
   95.0
  112.2
   99.2
  124.5
   97.2
  120.0
   80.5
  110.0
  126.0
  102.2
   84.3
   99.5
  101.7
  116.7
  151.7
  134.5
  119.5
  178.7
  165.5
  156.8
  151.8
  167.8
  147.8
  149.5
   76.7
   73.0
  121.3
   76.2
  100.3
   66.5
  128.5
   56.3
  112.8
  114.2
  115.5
  129.7
  128.7
   94.2
   53.2
   57.0
   54.8
   54.5
   59.7
   90.3
   44.2
  113.5
   77.2
  101.5
  102.3
   99.5
   99.5
   67.0
   57.3
   73.8
   50.0
   50.0
   50.0
   47.0
   46.7
   43.3
   42.8
   40.0
   43.3
   41.7
   36.7
   33.7
   33.3
   45.0
   49.5
   63.5
   21.3
   41.7
   85.5
   66.2
   54.2
  107.8
   55.8
   62.7
   86.7
   81.7
  120.5
   77.3
   75.0
   73.3
   64.5
  104.2
   62.8
   71.7
   71.7
   80.5
   73.3
   78.0
   78.3
   81.7
   83.3
   85.0
  118.8
  128.7
   99.5
   77.2
   95.0
  112.2
   99.2
  124.5
   97.2
  120.0
   80.5
  110.0
  126.0
  102.2
   84.3
   99.5
  101.7
  116.7
  151.7
  134.5
  119.5
  178.7
  165.5
  156.8
  151.8
  167.8
  147.8
  149.5
   76.7
   73.0
  121.3
   76.2
  100.3
   66.5
  128.5
   56.3
  112.8
  114.2
  115.5
  129.7
  128.7
   94.2
   53.2
   57.0
   54.8
   54.5
   59.7
   90.3
   44.2
  113.5
   77.2
  101.5
  102.3
   99.5
   99.5
   67.0
   57.3
   73.8
   50.0
   50.0
   50.0
   47.0
   46.7
   43.3
   42.8
   40.0
   43.3
   41.7
   36.7
   33.7
   33.3
   45.0
   49.5
   63.5
   21.3
   41.7
   85.5
   66.2
   54.2
  107.8
   55.8
   62.7
   86.7
   81.7
  120.5
   77.3
   75.0
   73.3
   64.5
  104.2
   62.8
   71.7
   71.7
   80.5
   73.3
   78.0
   78.3
   81.7
   83.3
   85.0
  118.8
  128.7
   99.5
   77.2
   95.0
  112.2
   99.2
  124.5
   97.2
  120.0
   80.5
  110.0
  126.0
  102.2
   84.3
   99.5
  101.7
  116.7
  151.7
  134.5
  119.5
  178.7
  165.5
  156.8
  151.8
  167.8
  147.8
  149.5
   76.7
   73.0
  121.3
   76.2
  100.3
   66.5
  128.5
   56.3
  112.8
  114.2
  115.5
  129.7
  128.7
   94.2
   53.2
   57.0
   54.8
   54.5
   59.7
   90.3
   44.2
  113.5
   77.2
  101.5
  102.3
   99.5
   99.5
   67.0
   57.3
   73.8
   50.0
   50.0
   50.0
   47.0
   46.7
   43.3
   42.8
   40.0
   43.3
   41.7
   36.7
   33.7
   33.3
   45.0
   49.5
   63.5
   21.3
   41.7
   85.5
   66.2
   54.2
  107.8
   55.8
   62.7
   86.7
   81.7
  120.5
   77.3
   75.0
   73.3
   64.5
  104.2
   62.8
   71.7
   71.7
   80.5
   73.3
   78.0
   78.3
   81.7
   83.3
   85.0
  118.8
  128.7
   99.5
   77.2
   95.0
  112.2
   99.2
  124.5
   97.2
  120.0
   80.5
  110.0
  126.0
  102.2
   84.3
   99.5
  101.7
  116.7
  151.7
  134.5
  119.5
  178.7
  165.5
  156.8
  151.8
  167.8
  147.8
  149.5
   76.7
   73.0
  121.3
   76.2
  100.3
   66.5
  128.5
   56.3
  112.8
  114.2
  115.5
  129.7
  128.7
   94.2
   53.2
   57.0
   54.8
   54.5
   59.7
   90.3
   44.2
  113.5
   77.2
  101.5
  102.3
   99.5
   99.5
   67.0
   57.3
   73.8
   50.0
   50.0
   50.0
   47.0
   46.7
   43.3
   42.8
   40.0
   43.3
   41.7
   36.7
   33.7
   33.3
   45.0
   49.5
   63.5
   21.3
   41.7
   85.5
   66.2
   54.2
  107.8
   55.8
   62.7
   86.7
   81.7
  120.5
   77.3
   75.0
   73.3
   64.5
  104.2
   62.8
   71.7
   71.7
   80.5
   73.3
   78.0
   78.3
   81.7
   83.3
   85.0
  118.8
  128.7
   99.5
   77.2
   95.0
  112.2
   99.2
  124.5
   97.2
  120.0
   80.5
  110.0
  126.0
  102.2
   84.3
   99.5
  101.7
  116.7
  151.7
  134.5
  119.5
  178.7
  165.5
  156.8
  151.8
  167.8
  147.8
  149.5
   76.7
   73.0
  121.3
   76.2
  100.3
   66.5
  128.5
   56.3
  112.8
  114.2
  115.5
  129.7
  128.7
   94.2
   53.2
   57.0
   54.8
   54.5
   59.7
   90.3
   44.2
  113.5
   77.2
  101.5
  102.3
   99.5
   99.5
   67.0
   57.3
   73.8
   50.0
   50.0
   50.0
   47.0
   46.7
   43.3
   42.8
   40.0
   43.3
   41.7
   36.7
   33.7
   33.3
   45.0
   49.5
   63.5
   21.3
   41.7
   85.5
   66.2
   54.2
  107.8
   55.8
   62.7
   86.7
   81.7
  120.5
   77.3
   75.0
   73.3
   64.5
  104.2
   62.8
   71.7
   71.7
   80.5
   73.3
   78.0
   78.3
   81.7
   83.3
   85.0
  118.8
  128.7
   99.5
   77.2
   95.0
  112.2
   99.2
  124.5
   97.2
  120.0
   80.5
  110.0
  126.0
  102.2
   84.3
   99.5
  101.7
  116.7
  151.7
  134.5
  119.5
  178.7
  165.5
  156.8
  151.8
  167.8
  147.8
  149.5
   76.7
   73.0
  121.3
   76.2
  100.3
   66.5
  128.5
   56.3
  112.8
  114.2
  115.5
  129.7
  128.7
   94.2
   53.2
   57.0
   54.8
   54.5
   59.7
   90.3
   44.2
  113.5
   77.2
  101.5
  102.3
   99.5
   99.5
   67.0
   57.3
   73.8
   50.0
   50.0
   50.0
   47.0
   46.7
   43.3
   42.8
   40.0
   43.3
   41.7
   36.7
   33.7
   33.3
   45.0
   49.5
   63.5
   21.3
   41.7
   85.5
   66.2
   54.2
  107.8
   55.8
   62.7
   86.7
   81.7
  120.5
   77.3
   75.0
   73.3
   64.5
  104.2
   62.8
   71.7
   71.7
   80.5
   73.3
   78.0
   78.3
   81.7
   83.3
   85.0
  118.8
  128.7
   99.5
   77.2
   95.0
  112.2
   99.2
  124.5
   97.2
  120.0
   80.5
  110.0
  126.0
  102.2
   84.3
   99.5
  101.7
  116.7
  151.7
  134.5
  119.5
  178.7
  165.5
  156.8
  151.8
  167.8
  147.8
  149.5
   76.7
   73.0
  121.3
   76.2
  100.3
   66.5
  128.5
   56.3
  112.8
  114.2
  115.5
  129.7
  128.7
   94.2
   53.2
   57.0
   54.8
   54.5
   59.7
   90.3
   44.2
  113.5
   77.2
  101.5
  102.3
   99.5
   99.5
   67.0
   57.3
   73.8
   50.0
   50.0
   50.0
   47.0
   46.7
   43.3
   42.8
   40.0
   43.3
   41.7
   36.7
   33.7
   33.3
   45.0
   49.5
   63.5
   21.3
   41.7
   85.5
   66.2
   54.2
  107.8
   55.8
   62.7
   86.7
   81.7
  120.5
   77.3
   75.0
   73.3
   64.5
  104.2
   62.8
   71.7
   71.7
   80.5
   73.3
   78.0
   78.3
   81.7
   83.3
   85.0
  118.8
  128.7
   99.5
   77.2
   95.0
  112.2
   99.2
  124.5
   97.2
  120.0
   80.5
  110.0
  126.0
  102.2
   84.3
   99.5
  101.7
  116.7
  151.7
  134.5
  119.5
  178.7
  165.5
  156.8
  151.8
  167.8
  147.8
  149.5
   76.7
   73.0
  121.3
   76.2
  100.3
   66.5
  128.5
   56.3
  112.8
  114.2
  115.5
  129.7
  128.7
   94.2
   53.2
   57.0
   54.8
   54.5
   59.7
   90.3
   44.2
  113.5
   77.2
  101.5
  102.3
   99.5
   99.5
   67.0
   57.3
   73.8
   50.0
   50.0
   50.0
   47.0
   46.7
   43.3
   42.8
   40.0
   43.3
   41.7
   36.7
   33.7
   33.3
   45.0
   49.5
  119.3
  163.7
  139.4
  161.9
  167.4
  134.3
  127.5
  169.0
  115.5
   73.1
   88.7
  109.6
  132.5
  131.5
  108.9
   96.0
   69.9
   72.5
   45.7
   45.6
   74.8
  110.2
  116.7
   90.4
   96.9
   65.1
   55.7
   35.0
   22.6
   12.6
   26.5
   21.4
   17.8
   20.7
   16.9
   20.4
   32.4
   28.3
   39.9
   10.1
    4.3
   22.0
   17.9
   15.8
    2.8
   27.9
   13.8
   22.4
   16.1
    0.6
   18.1
    9.9
    5.1
   40.1
   15.4
    5.8
    9.8
    3.4
   17.4
   46.0
   39.1
   18.8
   38.2
   47.9
   42.2
   63.4
   48.8
   29.1
   70.5
   45.4
   91.2
  108.8
   74.2
  124.3
  131.4
  139.4
  142.7
  156.5
  156.8
  231.2
  210.1
  208.7
  170.4
  166.3
  195.4
  284.5
  180.5
  232.0
  225.1
  212.2
  238.2
  211.4
  227.4
  171.8
  191.7
  189.7
  175.2
  153.3
  191.1
  252.1
   63.5
   21.3
   41.7
   85.5
   66.2
   54.2
  107.8
   55.8
   62.7
   86.7
   81.7
  120.5
   77.3
   75.0
   73.3
   64.5
  104.2
   62.8
   71.7
   71.7
   80.5
   73.3
   78.0
   78.3
   81.7
   83.3
   85.0
  118.8
  128.7
   99.5
   77.2
   95.0
  112.2
   99.2
  124.5
   97.2
  120.0
   80.5
  110.0
  126.0
  102.2
   84.3
   99.5
  101.7
  116.7
  151.7
  134.5
  119.5
  178.7
  165.5
  156.8
  151.8
  167.8
  147.8
  149.5
   76.7
   73.0
  121.3
   76.2
  100.3
   66.5
  128.5
   56.3
  112.8
  114.2
  115.5
  129.7
  128.7
   94.2
   53.2
   57.0
   54.8
   54.5
   59.7
   90.3
   44.2
  113.5
   77.2
  101.5
  102.3
   99.5
   99.5
   67.0
   57.3
   73.8
   50.0
   50.0
   50.0
   47.0
   46.7
   43.3
   42.8
   40.0
   43.3
   41.7
   36.7
   33.7
   33.3
   45.0
   49.5
   63.5
   21.3
   41.7
   85.5
   66.2
   54.2
  107.8
   55.8
   62.7
   86.7
   81.7
  120.5
   77.3
   75.0
   73.3
   64.5
  104.2
   62.8
   71.7
   71.7
   80.5
   73.3
   78.0
   78.3
   81.7
   83.3
   85.0
  118.8
  128.7
   99.5
   77.2
   95.0
  112.2
   99.2
  124.5
   97.2
  120.0
   80.5
  110.0
  126.0
  102.2
   84.3
   99.5
  101.7
  116.7
  151.7
  134.5
  119.5
  178.7
  165.5
  156.8
  151.8
  167.8
  147.8
  149.5
   76.7
   73.0
  121.3
   76.2
  100.3
   66.5
  128.5
   56.3
  112.8
  114.2
  115.5
  129.7
  128.7
   94.2
   53.2
   57.0
   54.8
   54.5
   59.7
   90.3
   44.2
  113.5
   77.2
  101.5
  102.3
   99.5
   99.5
   67.0
   57.3
   73.8
   50.0
   50.0
   50.0
   47.0
   46.7
   43.3
   42.8
   40.0
   43.3
   41.7
   36.7
   33.7
   33.3
   45.0
   49.5
   63.5
   21.3
   41.7
   85.5
   66.2
   54.2
  107.8
   55.8
   62.7
   86.7
   81.7
  120.5
   77.3
   75.0
   73.3
   64.5
  104.2
   62.8
   71.7
   71.7
   80.5
   73.3
   78.0
   78.3
   81.7
   83.3
   85.0
  118.8
  128.7
   99.5
   77.2
   95.0
  112.2
   99.2
  124.5
   97.2
  120.0
   80.5
  110.0
  126.0
  102.2
   84.3
   99.5
  101.7
  116.7
  151.7
  134.5
  119.5
  178.7
  165.5
  156.8
  151.8
  167.8
  147.8
  149.5
   76.7
   73.0
  121.3
   76.2
  100.3
   66.5
  128.5
   56.3
  112.8
  114.2
  115.5
  129.7
  128.7
   94.2
   53.2
   57.0
   54.8
   54.5
   59.7
   90.3
   44.2
  113.5
   77.2
  101.5
  102.3
   99.5
   99.5
   67.0
   57.3
   73.8
   50.0
   50.0
   50.0
   47.0
   46.7
   43.3
   42.8
   40.0
   43.3
   41.7
   36.7
   33.7
   33.3
   45.0
   49.5
   78.6
   63.6
   62.2
   58.0
   57.0
   56.4
   54.1
   37.9
   51.5
   20.5
   32.4
   50.2
   44.6
   33.4
   21.4
   18.5
   26.1
   26.4
   17.7
   32.3
   18.9
   19.2
   17.8
   32.6
   43.7
   13.2
    5.7
    8.2
    6.8
   10.7
    2.5
    8.9
   13.1
   15.6
    1.6
    8.7
    3.3
    4.9
    4.9
    3.1
    7.7
    0.8
    9.4
    9.1
    9.9
    1.2
    0.9
    0.7
    1.1
    0.4
    0.5